Panagiotis Mikhalos
Maksym Oleksandrovych Semiankiv
Carl-Ludwig Hermann Long
Joshua Booth
Luc Alphand
